         time                    bomegax                  bomegay                  bomegaz                    bix                      biy                      biz                      bjx                      bjy                      bjz                      bkx                      bky                      bkz
 0.000000000000000e+00    3.114715892931314e+02    0.000000000000000e+00    4.100601265795637e+01    1.305261922200517e-01    0.000000000000000e+00   -9.914448613738104e-01   -0.000000000000000e+00    1.000000000000000e+00    0.000000000000000e+00    9.914448613738104e-01    0.000000000000000e+00    1.305261922200517e-01
 1.000000000000000e-02    3.114905358479124e+02    1.002737094941909e-01    4.086183015573098e+01   -1.300526876494235e-01    2.940080899224706e-09    9.915070844099638e-01    1.524937113681031e-05   -9.999999998817151e-01    2.003174573998474e-06    9.915070842927021e-01    1.538037775180500e-05    1.300526876339964e-01
 2.000000000000000e-02    3.115467837227076e+02    2.286083737388264e-01    4.043055456299173e+01    1.286363519052963e-01   -9.360627400024218e-08   -9.916918316535940e-01   -1.218426198700322e-04    9.999999924507846e-01   -1.589908870487482e-05    9.916918241686137e-01    1.228755316421211e-04    1.286363509227912e-01
 3.000000000000000e-02    3.116385650233759e+02    4.128098873049126e-01    3.971599275005215e+01   -1.262896951928128e-01    7.057539793660708e-07    9.919934036512383e-01    4.103618533516693e-04   -9.999999143994770e-01    5.295421028305314e-05    9.919933187734978e-01    4.137638227105922e-04    1.262896840927391e-01
 4.000000000000000e-02    3.117629581230352e+02    6.801755081186324e-01    3.872445990387450e+01    1.230334882775855e-01   -2.944499215750285e-06   -9.924025195219549e-01   -9.698656475193492e-04    9.999995220902500e-01   -1.232065106409521e-04    9.924020456059517e-01    9.776556389789446e-04    1.230334266229202e-01
 5.000000000000000e-02    3.119159247749982e+02    1.057243273976639e+00    3.746473504810440e+01   -1.188966411221050e-01    8.871089749810587e-06    9.929066364221343e-01    1.887127646841924e-03   -9.999981917814778e-01    2.349105179967202e-04    9.929048431139467e-01    1.901671635878931e-03    1.188964093901253e-01
 6.000000000000000e-02    3.120923617021151e+02    1.569545970867047e+00    3.594799861508597e+01    1.139160291199192e-01   -2.172889906764579e-05   -9.934903813511853e-01   -3.245876541395126e-03    9.999946544902076e-01   -3.940512730384667e-04    9.934850792010090e-01    3.269635879224716e-03    1.139153496513568e-01
 7.000000000000001e-02    3.122861662833220e+02    2.241371282421627e+00    3.418775194421973e+01   -1.081362633955405e-01    4.609482867571051e-05    9.941360804306527e-01    5.126039396567937e-03   -9.999866793956248e-01    6.039464544594204e-04    9.941228657761403e-01    5.161289226713435e-03    1.081345866712591e-01
 8.000000000000000e-02    3.124903158357652e+02    3.095529836775072e+00    3.219971858747509e+01    1.016094010787878e-01   -8.794338737475385e-05   -9.948243673524798e-01   -7.602991514463542e-03    9.999707227596165e-01   -8.649529053207671e-04    9.947953177073410e-01    7.651528570035334e-03    1.016057576031119e-01
 9.000000000000001e-02    3.126969598592174e+02    4.153132964720314e+00    3.000172733914933e+01   -9.439459121618315e-02    1.546143786817873e-04    9.955348498387203e-01    1.074681739450998e-02   -9.999415617716791e-01    1.174290160018797e-03    9.954768541081328e-01    1.080967788071221e-02    9.438741335102604e-02
 1.000000000000000e-01    3.128975244680237e+02    5.433382084371613e+00    2.761357697763609e+01    8.655765209237667e-02   -2.546792475564977e-04   -9.962468107866667e-01   -1.462158886171375e-02    9.998919344085179e-01   -1.525989454384112e-03    9.961395394237799e-01    1.469879733640870e-02    8.654457437326939e-02
 1.100000000000000e-01    3.130828280848019e+02    6.953371724718467e+00    2.505688281530711e+01   -7.817057622957690e-02    3.977055731024561e-04    9.969399193743155e-01    1.928466796324718e-02   -9.998122072502200e-01    1.910972223039781e-03    9.967534612899472e-01    1.937503712427578e-02    7.814822674220163e-02
 1.200000000000000e-01    3.132432073105385e+02    8.727908284919650e+00    2.235490530051339e+01    6.931096022413831e-02   -5.939237877981033e-04   -9.975949268351242e-01   -2.478604371033354e-02    9.996900931564794e-01   -2.317257390038066e-03    9.972871416146928e-01    2.488704279653824e-02    6.927475926228135e-02
 1.300000000000000e-01    3.133686517197395e+02    1.076934668900467e+01    1.953236110346715e+01   -6.006135785997986e-02    8.538047864583387e-04    9.981943219179438e-01    3.116771307260165e-02   -9.995104397490157e-01    2.730291994514778e-03    9.977079767917286e-01    3.127541926078789e-02    6.000534306395706e-02
 1.400000000000000e-01    3.134489461598053e+02    1.308744712783840e+01    1.661521734397031e+01    5.050855658271249e-02   -1.187561483962886e-03   -9.987229222409285e-01   -3.846311772705599e-02    9.992551077728526e-01   -3.133395025807043e-03    9.979827023985184e-01    3.857226059482828e-02    5.042525583435453e-02
 1.500000000000000e-01    3.134738189646461e+02    1.568925407309004e+01    1.363046988038804e+01   -4.074277938137225e-02    1.604591411811683e-03    9.991683798111678e-01    4.669664883931204e-02   -9.989029556561121e-01    3.508299938446910e-03    9.980778771796633e-01    4.680075285379069e-02    4.062315370401724e-02
 1.600000000000000e-01    3.134330943285734e+02    1.857899969355765e+01    1.060590687091732e+01    3.085681634340534e-02   -2.112880938071831e-03   -9.995215818675800e-01   -5.588323253541519e-02    9.984299430272264e-01   -3.835777343076906e-03    9.979603805795846e-01    5.597485686069577e-02    3.069029476697331e-02
 1.700000000000000e-01    3.133168469328940e+02    2.175803369566593e+01    7.569859133250389e+00   -2.094509254308529e-02    2.718394492539615e-03    9.997769318350506e-01    6.602800864610850e-02   -9.978093616865743e-01    4.096315982630725e-03    9.975979175863372e-01    6.609907761674079e-02    2.071971924582933e-02
 1.800000000000000e-01    3.131155567804717e+02    2.522478144192053e+01    4.550939158712890e+00    1.110268139970596e-02   -3.424474138309705e-03   -9.999324994430193e-01   -7.712611472634368e-02    9.970121977059525e-01   -4.270837449934634e-03    9.969595241999365e-01    7.716832641817978e-02    1.080539239748471e-02
 1.900000000000000e-01    3.128202620789295e+02    2.897473197005456e+01    1.577770971898269e+00   -1.424275094487558e-03    4.231275836510517e-03    9.999900338228295e-01    8.916258624581672e-02   -9.960076231137917e-01    4.341418306957655e-03    9.960160664640031e-01    8.916788100967685e-02    1.041317354817299e-03
 2.000000000000000e-01    3.124227079274233e+02    3.300045724024285e+01   -1.321286644420362e+00   -7.996874047629403e-03   -5.135268721232216e-03   -9.999548384903936e-01   -1.021123822088653e-01    9.947636102111785e-01   -4.291992426167755e-03    9.947407257195756e-01    1.020734481367204e-01   -8.479373820432658e-03
 2.100000000000000e-01    3.119154885110185e+02    3.729166357924926e+01   -4.118420728784399e+00    1.707002523709237e-02    6.128822592793563e-03    9.998355123577792e-01    1.159405433164290e-01   -9.932476561665451e-01    4.109006555739264e-03    9.931094625739433e-01    1.158513316842474e-01   -1.766534157875035e-02
 2.200000000000000e-01    3.112921804961177e+02    4.183527587248740e+01   -6.786645414737616e+00   -2.570801627691981e-02   -7.199906648270199e-03   -9.996435660989695e-01   -1.306024871764425e-01    9.914276003792578e-01   -3.782003339316457e-03    9.911014520433511e-01    1.304587082190886e-01   -2.642796260364638e-02
 2.300000000000000e-01    3.105474653547020e+02    4.661555458421748e+01   -9.300080551656437e+00    3.382830706704745e-02    8.331919245447888e-03    9.993929281130386e-01    1.460444420743894e-01   -9.892725124086463e-01    3.304108284454728e-03    9.886994824415380e-01    1.458440102097745e-01   -3.468224482037185e-02
 2.400000000000000e-01    3.096772384277990e+02    5.161424517162260e+01   -1.163422414367032e+01   -4.135397992375876e-02   -9.503664331229532e-03   -9.990993587769028e-01   -1.622040175280888e-01    9.867536242514958e-01   -2.672400412076727e-03    9.858903108572555e-01    1.619474155104170e-01   -4.234772210276862e-02
 2.500000000000000e-01    3.086787026716459e+02    5.681075891193106e+01   -1.376621496115918e+01    4.821467699417289e-02    1.068948519704071e-02    9.987797954645623e-01    1.790109063851172e-01   -9.838452776137069e-01    1.888150431157771e-03    9.826649685002135e-01    1.787014399021585e-01   -4.934931670631808e-02
 2.600000000000000e-01    3.075504452138292e+02    6.218238359688002e+01   -1.567508163738981e+01   -5.434745561289964e-02   -1.185956063022502e-02   -9.984516537568111e-01   -1.963877097077140e-01    9.805258547273782e-01   -9.569151233196310e-04    9.790190097971312e-01    1.960316276330603e-01   -5.561815731742485e-02
 2.700000000000000e-01    3.062924950798737e+02    6.770452198116629e+01   -1.734197460233560e+01    5.969754368377222e-02    1.298036252787823e-02    9.981321122308434e-01    2.142508722682664e-01   -9.767786603400301e-01   -1.115179888992279e-04    9.749526998836422e-01    2.138573330345167e-01   -6.109234073900482e-02
 2.800000000000000e-01    3.049063607301082e+02    7.335095531780649e+01   -1.875037733086070e+01   -6.421897905757158e-02   -1.401526786783041e-02   -9.978374090978062e-01   -2.325117132911368e-01    9.725927228278026e-01    1.303335892092602e-03    9.704711360525933e-01    2.320925844757688e-01   -6.571762564303262e-02
 2.900000000000000e-01    3.033950463670211e+02    7.909412879075272e+01   -1.988629359458024e+01    6.787511936913655e-02    1.492531184919289e-02    9.975821786882725e-01    2.510775342621420e-01   -9.679634839854770e-01   -2.601049625054230e-03    9.655842997685135e-01    2.506470202027900e-01   -6.944804751769686e-02
 3.000000000000000e-01    3.017630463278966e+02    8.490545518070665e+01   -2.073840770403594e+01   -7.063901181690667e-02   -1.567006328246710e-02   -9.973788543606940e-01   -2.698527833125502e-01    9.628933498923334e-01    3.983976805592921e-03    9.603070370188790e-01    2.694268840510749e-01   -7.224644491295085e-02
 3.100000000000000e-01    3.000163172579914e+02    9.075563268996272e+01   -2.129821510534079e+01    7.249361580996477e-02    1.620859818015861e-02    9.972371618684360e-01    2.887402539788875e-01   -9.573920792560572e-01   -5.428840534928909e-03    9.546589660182209e-01    2.883360676752318e-01   -7.408488832830562e-02
 3.200000000000000e-01    2.981622281561116e+02    9.661497252074740e+01   -2.156012114498454e+01   -7.343187514473627e-02   -1.650054320333245e-02   -9.971637236614114e-01   -3.076422951273193e-01    9.514769906540035e-01    6.910463397588499e-03    9.486643125792665e-01    3.072771848504383e-01   -7.494500456274593e-02
 3.300000000000000e-01    2.962094887867856e+02    1.024537315609922e+02   -2.152150632710891e+01    7.345664026114102e-02    1.650715735672016e-02    9.971617901610047e-01    3.264620085667205e-01   -9.451729759296776e-01   -8.402531426590747e-03    9.423516747818156e-01    3.261526626103819e-01   -7.481819102385544e-02
 3.400000000000000e-01    2.941680573502097e+02    1.082424453910075e+02   -2.118275694565627e+01   -7.258044501223952e-02   -1.619241824576016e-02   -9.972311089174475e-01   -3.451044113791274e-01    9.385123134293301e-01    9.878400059574124e-03    9.357537198688822e-01    3.448658335244033e-01   -7.370571632570824e-02
 3.500000000000000e-01    2.920490286817682e+02    1.139522567899085e+02   -2.054726056396848e+01    7.082514610518967e-02    1.552407841685672e-02    9.973679369560742e-01    3.634775412568773e-01   -9.315342815158698e-01   -1.131191239781001e-02    9.289068175446802e-01    3.633220133017179e-01   -7.161870544362774e-02
 3.600000000000000e-01    2.898645046066526e+02    1.195552349940428e+02   -1.962136641977835e+01   -6.822143678442387e-02   -1.447465783685795e-02   -9.975651957857646e-01   -3.814934851040720e-01    9.242845795955511e-01    1.267819957793067e-02    9.218506150055787e-01    3.814295481500698e-01   -6.857800968159918e-02
 3.700000000000001e-01    2.876274483921190e+02    1.250246811393728e+02   -1.841431143666241e+01    6.480824929278182e-02    1.302234041256774e-02    9.978127627332114e-01    3.990693137552411e-01   -9.168145704534952e-01   -1.395443379694116e-02    9.146275600715623e-01    3.991008169046229e-01   -6.461396368917120e-02
 3.800000000000000e-01    2.853515255119831e+02    1.303354156004260e+02   -1.693811310652537e+01   -6.063206304639535e-02   -1.115174552711566e-02   -9.980978867335221e-01   -4.161279087767220e-01    9.091803637457991e-01    1.512050646150884e-02    9.072823796744774e-01    4.162531738621694e-01   -5.976603368061698e-02
 3.900000000000000e-01    2.830509331581665e+02    1.354640433110639e+02   -1.520743105499650e+01    5.574613720425021e-02    8.854549742898831e-03    9.984057116899562e-01    4.325986708135428e-01   -9.014417657909223e-01   -1.615960697452199e-02    8.998615216782401e-01    4.328098194775299e-01   -5.408236280688518e-02
 4.000000000000000e-01    2.807402210977014e+02    1.403891936049792e+02   -1.323939959775679e+01   -5.020968734444222e-02   -6.129938908837191e-03   -9.987198862269668e-01   -4.484181026774327e-01    8.936611251306384e-01    1.705868168614632e-02    8.924125685398306e-01    4.487005875623334e-01   -4.761922125974491e-02
 4.100000000000000e-01    2.784341065778042e+02    1.450917316319676e+02   -1.105343402780710e+01    4.408702625098371e-02    2.984876689823567e-03    9.990232352788107e-01    4.635302641824385e-01   -8.859021065265998e-01   -1.780875734380365e-02    8.849836316583470e-01    4.638626393259604e-01   -4.044037010684902e-02
 4.200000000000000e-01    2.761472860257244e+02    1.495549389731676e+02   -8.671013731267687e+00   -3.744668837583073e-02    5.658182379212548e-04   -9.992984666148773e-01   -4.778870994649898e-01    8.782284280116509e-01    1.840511875939363e-02    8.776227354020103e-01    4.782410564573729e-01   -3.261634903002202e-02
 4.300000000000000e-01    2.738942462756671e+02    1.537646616771216e+02   -6.115445505117752e+00    3.036055641374338e-02   -4.499587675198421e-03    9.995288841871597e-01    4.914486410240747e-01   -8.707025962723728e-01   -1.884733613930773e-02    8.703771997529046e-01    4.917893274104879e-01   -2.422369904558825e-02
 4.400000000000001e-01    2.716890779853888e+02    1.577094245507070e+02   -3.411610640103950e+00   -2.290300668458133e-02    8.786437097060760e-03   -9.996990801272944e-01   -5.041830978480880e-01    8.633846750062588e-01    1.913914334635838e-02    8.632930302793906e-01    5.044697230627671e-01   -1.534413190839997e-02
 4.500000000000000e-01    2.695452937853983e+02    1.613805111471297e+02   -5.856994349650130e-01    1.515008775778324e-02   -1.338941559424171e-02    9.997955783010735e-01    5.160668376417706e-01   -8.563311190351676e-01   -1.928817403950642e-02    8.564143237517701e-01    5.162535599117692e-01   -6.063658239513128e-03
 4.600000000000000e-01    2.674756535404565e+02    1.647720094807871e+02    2.335063173811318e+00   -7.178744095998938e-03    1.826525616859925e-02   -9.998074044783264e-01   -5.270842752398980e-01    8.495937039790334e-01    1.930556793730975e-02    8.497826971808020e-01    5.271213509011242e-01    3.528313523260941e-03
 4.700000000000000e-01    2.654919989040187e+02    1.678808240510206e+02    5.322697244306322e+00   -9.339064282404225e-04   -2.336515532656597e-02    9.997265612829948e-01    5.372276807328311e-01   -8.432185773569596e-01   -1.920546416721131e-02    8.434367474049466e-01    5.370628457789809e-01    1.333989545586840e-02
 4.800000000000000e-01    2.636050991195955e+02    1.707066552609380e+02    8.348749235379845e+00    9.111235336355753e-03    2.863566716552598e-02   -9.995483900021990e-01   -5.464969216029670e-01    8.372454522771622e-01    1.900440262217049e-02    8.374115476090294e-01    5.460769645450479e-01    2.327764430401265e-02
 4.900000000000000e-01    2.618245097774261e+02    1.732519477634274e+02    1.138457189573194e+01   -1.727770389460000e-02   -3.401968442338908e-02    9.992718058762625e-01    5.548991532815399e-01   -8.317069596177699e-01   -1.872065730982083e-02    8.317381863515511e-01    5.541716290055236e-01    3.324748065682250e-02
 5.000000000000000e-01    2.601584459788365e+02    1.755218096468649e+02    1.440159959385771e+01    2.535940112207441e-02    3.945747732546617e-02   -9.988993984667167e-01   -5.624484720128305e-01    8.266281690140570e-01    1.837352775601848e-02    8.264433538391860e-01    5.613634987021378e-01    4.315559314805000e-02
 5.100000000000000e-01    2.586136711023119e+02    1.775239046832404e+02    1.737161633585356e+01   -3.328452217893235e-02   -4.488776052706007e-02    9.984373938998392e-01    5.691655428149164e-01   -8.220262832835853e-01   -1.798261556245615e-02    8.215489793404309e-01    5.676776184995938e-01    5.290931864378892e-02
 5.200000000000000e-01    2.571954021119879e+02    1.792683200998044e+02    2.026701403445648e+01    4.098379209582606e-02    5.024875898352633e-02   -9.978954810025773e-01   -5.750772137332650e-01    8.179105053595452e-01    1.756711321070232e-02    8.170719228011760e-01    5.731469858968368e-01    6.241799041448836e-02
 5.300000000000000e-01    2.559072321073099e+02    1.807674125027054e+02    2.306103892414385e+01   -4.839084158398779e-02   -5.547924510911410e-02    9.972865083877401e-01    5.802161255938668e-01   -8.142820715677410e-01   -1.714513118805207e-02    8.130237229327314e-01    5.778120466769368e-01    7.159374737805518e-02
 5.400000000000000e-01    2.547510705872832e+02    1.820356346806994e+02    2.572802435181182e+01    5.544254292466701e-02    6.051952200155056e-02   -9.966260642237043e-01   -5.846203241882238e-01    8.111344403526682e-01    1.673308755345113e-02    8.094104033059266e-01    5.817201278363817e-01    8.035229859924817e-02
 5.500000000000000e-01    2.537271016977801e+02    1.830893460541763e+02    2.824360849961171e+01   -6.207931464017509e-02   -6.531233067564056e-02    9.959319545806277e-01    5.883328793822515e-01   -8.084536214813379e-01   -1.634518126957618e-02    8.062323373143364e-01    5.849248168567778e-01    8.861363830556504e-02
 5.600000000000001e-01    2.528337605484964e+02    1.839466095162900e+02    3.058493590628766e+01    6.824540378622453e-02    6.980366300689723e-02   -9.952235997463719e-01   -5.914015131568909e-01    8.062186274438450e-01    1.599296712704282e-02    8.034841722756827e-01    5.874852963205782e-01    9.630270769612265e-02
 5.700000000000001e-01    2.520677275284071e+02    1.846269773470679e+02    3.273084193785092e+01   -7.388915428968144e-02   -7.394346626540443e-02    9.945213706473337e-01    5.938782361787731e-01   -8.044020263049583e-01   -1.568504602717035e-02    8.011548124247085e-01    5.894656426566567e-01    1.033500007553088e-01
 5.800000000000001e-01    2.514239404148767e+02    1.851512687768824e+02    3.466201961121557e+01    7.896326882303073e-02    7.768622954412054e-02   -9.938458894190917e-01   -5.958189902767255e-01    8.029705736827714e-01    1.542687993021812e-02    7.992274601151578e-01    5.909340974577977e-01    1.096921121121617e-01
 5.900000000000001e-01    2.508956239607166e+02    1.855413416418188e+02    3.636116839097585e+01   -8.342507031251274e-02   -8.099144688037795e-02    9.932173192080306e-01    5.972832922648968e-01   -8.018859008446778e-01   -1.522073608297183e-02    7.976797141862600e-01    5.919623193736372e-01    1.152722256986876e-01
 6.000000000000001e-01    2.504743365529777e+02    1.858198604195264e+02    3.781312475712352e+01    8.723676739422406e-02    8.382395626761352e-02   -9.926546684368395e-01   -5.983338729926423e-01    8.011052360913639e-01    1.506576037877111e-02    7.964837241550762e-01    5.926246240767516e-01    1.200405435424569e-01
 6.100000000000001e-01    2.501500334640597e+02    1.860100627689411e+02    3.900497447912380e+01   -9.036572604799105e-02   -8.615415790297512e-02    9.921751340519661e-01    5.990363043847318e-01   -8.005821375897849e-01   -1.495817503586581e-02    7.956063986574015e-01    5.929972192579455e-01    1.239546544820411e-01
 6.200000000000000e-01    2.499111461558295e+02    1.861355265289649e+02    3.992614663022579e+01    9.278474735027402e-02    8.795811877956934e-02   -9.917935067336755e-01   -5.994586066143481e-01    8.002672175354624e-01    1.489159135792707e-02    7.950096663656533e-01    5.931574410544436e-01    1.269798429158569e-01
 6.300000000000000e-01    2.497446770465993e+02    1.862199389670828e+02    4.056848943733992e+01   -9.447234889859051e-02   -8.921757399450420e-02    9.915216587565203e-01    5.996708274571679e-01   -8.001088398705917e-01   -1.485742430220955e-02    7.946507874469818e-01    5.931829977763271e-01    1.290893378982232e-01
 6.400000000000000e-01    2.496363091044101e+02    1.862868699150750e+02    4.092632808997307e+01    9.541304507946807e-02    8.991983781263339e-02   -9.913681322271569e-01   -5.997445863188013e-01    8.000537766396431e-01    1.484539204741296e-02    7.944827134743940e-01    5.931512262921005e-01    1.302645029874156e-01
 6.500000000000000e-01    2.495705295835026e+02    1.863595502903455e+02    4.099650463134201e+01   -9.559761908555378e-02   -9.005763953541260e-02    9.913378419013467e-01    5.997525764009974e-01   -8.000478112986250e-01   -1.484408083166397e-02    7.944544935521577e-01    5.931383659796461e-01    1.304949672508393e-01
 6.600000000000000e-01    2.495307671696926e+02    1.864606573814489e+02    4.077840003171794e+01    9.502337754222059e-02    8.962890052827231e-02   -9.914319028101142e-01   -5.997680199449921e-01    8.000362807722533e-01    1.484155310078459e-02    7.945117242504369e-01    5.932188547556478e-01    1.297786977550913e-01
 6.700000000000000e-01    2.494995417405531e+02    1.866121081772965e+02    4.027393850475403e+01   -9.369437687476016e-02   -8.863646934386094e-02    9.916475886338932e-01    5.998640734156238e-01   -7.999645516356966e-01   -1.482597553558266e-02    7.945970407489111e-01    5.934646513718842e-01    1.281220137413194e-01
 6.800000000000000e-01    2.494586258743581e+02    1.868348619420094e+02    3.948757407913818e+01    9.162160922421358e-02    8.708783174657064e-02   -9.919784222874716e-01   -6.001131818013117e-01    7.997784293475724e-01    1.478624285238123e-02    7.946506463541900e-01    5.939445879132189e-01    1.255395425253545e-01
 6.900000000000001e-01    2.493892171549520e+02    1.871487331808171e+02    3.842625938767674e+01   -8.882313487806651e-02   -8.499481162618308e-02    9.924143956564433e-01    6.005863838209885e-01   -7.994245028465276e-01   -1.471257341353035e-02    7.946108772719596e-01    5.947237562470443e-01    1.220541169994115e-01
 7.000000000000001e-01    2.492721202161581e+02    1.875722161049696e+02    3.709939659128627e+01    8.532414788273891e-02    8.237327733609343e-02   -9.929423109970009e-01   -6.013525726541684e-01    7.988504299218131e-01    1.459705364015528e-02    7.944147991760665e-01    5.958629320523492e-01    1.176966144629555e-01
 7.100000000000001e-01    2.490879373483228e+02    1.881223216822467e+02    3.551877032355281e+01   -8.115696179162839e-02   -7.924286597538163e-02    9.935462323132317e-01    6.024777197369329e-01   -7.980051714677109e-01   -1.443410996174410e-02    7.939988317201608e-01    5.974180399872163e-01    1.125057364087160e-01
 7.200000000000001e-01    2.488172663513161e+02    1.888144283502812e+02    3.369846252931730e+01    7.636090339965548e-02    7.562673564230522e-02   -9.942080311922263e-01   -6.040240720790823e-01    7.968391849359064e-01    1.422088951799256e-02    7.932993966849047e-01    5.994396635243046e-01    1.065277288467554e-01
 7.300000000000001e-01    2.484409041643799e+02    1.896621474676520e+02    3.165474908436785e+01   -7.098210382601407e-02   -7.155135282341833e-02    9.949080082322207e-01    6.060493363345977e-01   -7.953045889297062e-01   -1.395753397732083e-02    7.922535849489406e-01    6.019726029777837e-01    9.981604279730358e-02
 7.400000000000001e-01    2.479400546363195e+02    1.906772045770085e+02    2.940597812803393e+01    6.507317841144619e-02    6.704631896349081e-02   -9.956255684562848e-01   -6.086058653759083e-01    7.933553118800851e-01    1.364733456263727e-02    7.907998369253132e-01    6.050554852444897e-01    9.243093472676404e-02
 7.500000000000001e-01    2.472965386237319e+02    1.918693375492985e+02    2.697243012057384e+01   -5.869278955239600e-02   -6.214423701214663e-02    9.963399270629215e-01    6.117398652614712e-01   -7.909472380679015e-01   -1.329676056750246e-02    7.888786305281952e-01    6.087204287670052e-01    8.443900696765487e-02
 7.600000000000000e-01    2.464930044253778e+02    1.932462126623529e+02    2.437615975558616e+01    5.190508973498362e-02    5.688061549475648e-02   -9.970308206066348e-01   -6.154906421318612e-01    7.880383638949491e-01    1.291535817629096e-02    7.864331701469107e-01    6.129927671759658e-01    7.591268854836475e-02
 7.700000000000000e-01    2.455131363837203e+02    1.948133596344101e+02    2.164082001589737e+01   -4.477904556823343e-02   -5.129380454124950e-02    9.976791982860361e-01    6.198899096193863e-01   -7.845889762684171e-01   -1.251552112668694e-02    7.834100695227592e-01    6.178908349644816e-01    6.692965738185123e-02
 7.800000000000000e-01    2.443418593172781e+02    1.965741265778493e+02    1.879146885918371e+01    3.738764743782743e-02    4.542495545701853e-02   -9.982678684800802e-01   -6.249611777231869e-01    7.805618632844767e-01    1.211213951473654e-02    7.797600208766138e-01    6.234258183672932e-01    5.757220540838206e-02
 7.900000000000000e-01    2.429655362976682e+02    1.985296557551690e+02    1.585435925519682e+01   -2.980701337797182e-02   -3.931799296169195e-02    9.987820770227642e-01    6.307192437205236e-01   -7.759225651363126e-01   -1.172213768035840e-02    7.754384421433224e-01    6.296016743474343e-01    4.792654906476283e-02
 8.000000000000000e-01    2.413721571614470e+02    2.006788809037183e+02    1.285671356622833e+01    2.211539974754332e-02    3.301958726422526e-02   -9.992099959217030e-01   -6.371698045140377e-01    7.706396704149626e-01    1.136391645300116e-02    7.704060937642623e-01    6.364151202155400e-01    3.808208833484855e-02
 8.100000000000001e-01    2.395515150576383e+02    2.030185467445993e+02    9.826483560824727e+00   -1.439213513916548e-02   -2.657911178681064e-02    9.995431042539832e-01    6.443092078426306e-01   -7.646851598238081e-01   -1.105671892184286e-02    7.646296561963024e-01    6.438556959142412e-01    2.813061861966552e-02
 8.200000000000001e-01    2.374953682854736e+02    2.055432511026136e+02    6.792097670497670e+00    6.716497487030801e-03    2.004857167035530e-02   -9.997764467291669e-01   -6.521243570297162e-01    7.580347959157531e-01    1.081994216278878e-02    7.580822591444878e-01    6.519059003830920e-01    1.816550071174907e-02
 8.300000000000001e-01    2.351975846811999e+02    2.082455098377528e+02    3.782197431450944e+00    8.334425890534286e-04   -1.348248824371014e-02    9.999087597791659e-01    6.605927804606371e-01   -7.506685539280105e-01   -1.067241986447148e-02    7.507439535395763e-01    6.605414026794594e-01    8.280795253358595e-03
 8.400000000000001e-01    2.326542658745007e+02    2.111158445259130e+02    8.253653878080568e-01   -8.181986711316794e-03    6.937725441495592e-03   -9.999424598735875e-01   -6.696828728583973e-01    7.425710852857608e-01    1.063170242654371e-02    7.426021174849059e-01    6.697313276699733e-01   -1.429630847270293e-03
 8.500000000000001e-01    2.298638488596375e+02    2.141428925304040e+02   -2.050152941944346e+00    1.525695474946986e-02   -4.732457041165912e-04    9.998834938977389e-01    6.793543107843351e-01   -7.337322020310226e-01   -1.071336176310939e-02    7.336517878053385e-01    6.794386151379573e-01   -1.087301749546240e-02
 8.600000000000001e-01    2.268271825174049e+02    2.173135387813957e+02   -4.816730129694459e+00   -2.199078387384986e-02   -5.850214850137573e-03   -9.997410566790194e-01   -6.895586397788357e-01    7.241473674639063e-01    1.093034767343460e-02    7.238959094582694e-01    6.896204500887974e-01   -1.995863444522762e-02
 8.700000000000001e-01    2.235475769829870e+02    2.206130682344715e+02   -7.447637758023177e+00    2.832155273861738e-02    1.197055929917674e-02    9.995271859031085e-01    7.002400253531520e-01   -7.138181758089175e-01   -1.129242122133323e-02    7.133454959157570e-01    7.002287609019570e-01   -2.859870385912156e-02
 8.800000000000001e-01    2.200308240809471e+02    2.240253376202334e+02   -9.917323796650715e+00   -3.419390398525919e-02   -1.782483473075575e-02   -9.992562495155606e-01   -7.113361548429149e-01    7.027528018728765e-01    1.180568811625034e-02    7.020196946973308e-01    7.112107807999268e-01   -3.670931123075753e-02
 8.900000000000001e-01    2.162851874385288e+02    2.275329647342000e+02   -1.220168286941388e+01    3.955984036612244e-02    2.334982906196187e-02    9.989443450522211e-01    7.227792721442020e-01   -6.909664005546903e-01   -1.247225167966331e-02    6.899457535112877e-01    7.225096669157410e-01   -4.421129295843302e-02
 9.000000000000000e-01    2.123213613361377e+02    2.311175331607923e+02   -1.427831574806395e+01   -4.437937286121784e-02   -2.848275585600225e-02   -9.986086339913675e-01   -7.344973227838417e-01    6.784814357835999e-01    1.329000072040296e-02    6.771588839313469e-01    7.340651700736792e-01   -5.103108853987066e-02
 9.100000000000000e-01    2.081523978507954e+02    2.347598099884401e+02   -1.612677438761585e+01    4.862100311702706e-02    3.316201897674496e-02    9.982666370023988e-01    7.464151828290424e-01   -6.653279190505068e-01   -1.425254268373607e-02    6.637020211642256e-01    7.458143472934544e-01   -5.710154528356127e-02
 9.200000000000000e-01    2.037936023834368e+02    2.384399737663659e+02   -1.772878887912245e+01   -5.226202724714792e-02   -3.732804487656725e-02   -9.979355177427530e-01   -7.584559420014896e-01    6.515435391675163e-01    1.534928696817797e-02    6.496254802191219e-01    7.576923080210217e-01   -6.236266363670042e-02
 9.300000000000000e-01    1.992623982211356e+02    2.421378496887477e+02   -1.906847284323288e+01    5.528865333858123e-02    4.092416655607872e-02    9.976313835292401e-01    7.705422091840105e-01   -6.371736672149572e-01   -1.656567754074985e-02    6.349865106260660e-01    7.696329842197676e-01   -6.676227171032147e-02
 9.400000000000001e-01    1.945781613558672e+02    2.458331487792008e+02   -2.013250402219161e+01   -5.769593070342047e-02   -4.389753994349247e-02   -9.973686307308520e-01   -7.825974074131361e-01    6.222712237432023e-01    1.788356815851850e-02    6.198487537211917e-01    7.815699137553519e-01   -7.025661835551866e-02
 9.500000000000001e-01    1.897620273463843e+02    2.495057076970256e+02   -2.091027714644868e+01    5.948749478385251e-02    4.620007077393086e-02    9.971593610970961e-01    7.945470255128037e-01   -6.068963990811932e-01   -1.928172787204294e-02    6.042816083683760e-01    7.934370260091824e-01   -7.281087518666488e-02
 9.600000000000001e-01    1.848366725527645e+02    2.531357257038740e+02   -2.139402654894828e+01   -6.067513741968802e-02   -4.778932814115125e-02   -9.970128925012207e-01   -8.063197947682154e-01    5.911162219224831e-01    2.073645928580720e-02    5.883595127668005e-01    8.051694183806594e-01   -7.439953925515351e-02
 9.700000000000001e-01    1.798260725779328e+02    2.567039953205638e+02   -2.157891646655778e+01    6.127821768265555e-02    4.862941984805009e-02    9.969353838447090e-01    8.178487614357995e-01   -5.750039760431526e-01   -2.222230751207337e-02    5.721611516475686e-01    8.167041123071291e-01   -7.500672960451391e-02
 9.800000000000001e-01    1.747552412015546e+02    2.601921232715413e+02   -2.146309749225196e+01   -6.132293343851775e-02   -4.869180456238525e-02   -9.969295892898641e-01   -8.290722293545428e-01    5.586384698636603e-01    2.371283408054188e-02    5.557685996407664e-01    8.279807776491160e-01   -7.462637266359279e-02
 9.900000000000001e-01    1.696499534753171e+02    2.635827384589713e+02   -2.104772820957270e+01    6.084147800638365e-02    4.795601661295248e-02    9.969947517531396e-01    8.399345513339306e-01   -5.421031683979143e-01   -2.518142742278974e-02    5.392664128503706e-01    8.389424147599024e-01   -7.326227329491641e-02
 1.000000000000000e+00    1.645364569530124e+02    2.668596839270370e+02   -2.033696163656696e+01   -5.987110956487345e-02   -4.641028101781270e-02   -9.971266399279451e-01   -8.503867531685488e-01    5.254852017350279e-01    2.660212005786659e-02    5.227406816710634e-01    8.495359842719875e-01   -7.092807027628753e-02
 1.010000000000000e+00    1.594411752449943e+02    2.700081900644867e+02   -1.933789671290373e+01    5.845316316990009e-02    4.405199895573057e-02    9.973177272575167e-01    8.603869798567733e-01   -5.088742683797539e-01   -2.795038233224791e-02    5.062780585877129e-01    8.597129755730294e-01   -6.764707698081787e-02
 1.020000000000000e+00    1.543904082085757e+02    2.730150266419288e+02   -1.806049566357814e+01   -5.663203630795174e-02   -4.088808727140135e-02   -9.975575055010860e-01   -8.699007596429595e-01    4.923614553622547e-01    2.920386352450859e-02    4.899647750962845e-01    8.694299060835913e-01   -6.345200999455473e-02
 1.030000000000000e+00    1.494100331110755e+02    2.758686316801384e+02   -1.651746864834579e+01    5.445417877793345e-02    3.693515960439022e-02    9.978329200809393e-01    8.789010876067180e-01   -4.760379998702780e-01   -3.034305327113302e-02    4.738856619652610e-01    8.786487447576524e-01   -5.838461029731913e-02
 1.040000000000000e+00    1.445252110313967e+02    2.785592155849718e+02   -1.472412764159241e+01   -5.196711638857045e-02   -3.221954118748478e-02   -9.981289094994414e-01   -8.873683364359375e-01    4.599940191451433e-01    3.135183950233520e-02    4.581231868221073e-01    8.873372546648071e-01   -5.249516339531763e-02
 1.050000000000000e+00    1.397601026032661e+02    2.810788394507036e+02   -1.269821196810972e+01    4.921853555211195e-02    2.677711408559016e-02    9.984290269808669e-01    8.952900074996147e-01   -4.443172364453816e-01   -3.221794325267276e-02    4.427565225135442e-01    8.954692510402118e-01   -4.584192636896044e-02
 1.060000000000000e+00    1.351375969559331e+02    2.834214669132957e+02   -1.045968833403793e+01   -4.625545246712721e-02   -2.065299444957268e-02   -9.987161192931245e-01   -9.026603401627988e-01    4.290917309892218e-01    3.293321564007118e-02    4.278606588751223e-01    9.030247727591353e-01   -3.849047116211128e-02
 1.070000000000000e+00    1.306790573860697e+02    2.855829894146368e+02   -8.030528529406407e+00    4.312348637766337e-02    1.390104804700835e-02    9.989730355642280e-01    9.094798012732837e-01   -4.143967389533577e-01   -3.349378777112579e-02    4.135055694876733e-01    9.099901667643362e-01   -3.051295454251692e-02
 1.080000000000000e+00    1.264040869101217e+02    2.875612252053379e+02   -5.434468232686683e+00   -3.986625156860425e-02   -6.583254721200468e-03   -9.991833379023649e-01   -9.157544797534243e-01    4.003055308859214e-01    3.390007009116078e-02    3.997554437354868e-01    9.163580865028651e-01   -2.198732600094556e-02
 1.090000000000000e+00    1.223303164132003e+02    2.893558928549955e+02   -2.696750515277189e+00    3.652487752806088e-02   -1.231063642716911e-03    9.993319857797108e-01    9.214954131540064e-01   -3.868843883789062e-01   -3.415660350946226e-02    3.866679930591737e-01    9.221274068754178e-01   -1.299648540299780e-02
 1.100000000000000e+00    1.184732176436088e+02    2.909685604444493e+02    1.561422753441091e-01   -3.313766130739991e-02    9.466133737826996e-03   -9.994059674194825e-01   -9.267178738242857e-01    3.741916996633405e-01    3.427177025103542e-02    3.742938387635735e-01    9.273030595306595e-01   -3.627402476648565e-03
 1.110000000000000e+00    1.148459428164249e+02    2.924025719756040e+02    3.096764578107958e+00    2.973985076976001e-02   -1.804071951274835e-02    9.993948537561029e-01    9.314406420280298e-01   -3.622771900872451e-01   -3.425737759042221e-02    3.626759871473110e-01    9.318957935208046e-01    6.029789795143322e-03
 1.120000000000000e+00    1.114591921000690e+02    2.936629528440778e+02    6.096988031965447e+00   -2.636355235973041e-02    2.686918653159538e-02   -9.992912537997217e-01   -9.356852919432995e-01    3.511812993758611e-01    3.412813220975679e-02    3.518493961151756e-01    9.359218673498519e-01    1.588271607024980e-02
 1.130000000000000e+00    1.083211097804257e+02    2.947562964736093e+02    9.128282797468300e+00    2.303775245027825e-02   -3.586261860665504e-02    9.990911542733285e-01    9.394755141217159e-01   -3.409347133267702e-01   -3.390102672452497e-02    3.418406358618076e-01    9.394026792783259e-01    2.583768252596515e-02
 1.140000000000000e+00    1.054372094404319e+02    2.956906344065218e+02    1.216199655474560e+01   -1.978843740034130e-02    4.492996306662796e-02   -9.987941310212876e-01   -9.428364947865655e-01    3.315580533297643e-01    3.359466280813825e-02    3.326676447183340e-01    9.423643433889259e-01    3.580059310577333e-02
 1.150000000000000e+00    1.028103280698446e+02    2.964752922811579e+02    1.516962820675358e+01    1.663879432490508e-02   -5.397918156738099e-02    9.984034247132769e-01    9.457943684832141e-01   -3.230617229835570e-01   -3.322853723462613e-02    3.243395798656646e-01    9.448372193664106e-01    4.567784837887494e-02
 1.160000000000000e+00    1.004406086387788e+02    2.971207342068813e+02    1.812309361387674e+01   -1.360947233644048e-02    6.291838460073079e-02   -9.979258785803757e-01   -9.483757562462409e-01    3.154459072543648e-01    3.282231800537360e-02    3.168567613696479e-01    9.468554042067630e-01    5.537721822916092e-02
 1.170000000000000e+00    9.832551033592682e+01    2.976383980733784e+02    2.099498100739824e+01    1.071888271993519e-02   -7.165692971758549e-02    9.973717411151801e-01    9.506073968125128e-01   -3.087007162090634e-01   -3.239513753235780e-02    3.102107069027750e-01    9.484561941572793e-01    6.480868064992366e-02
 1.180000000000000e+00    9.645984539206107e+01    2.980405243083441e+02    2.375879406272458e+01   -7.983516168824388e-03    8.010646584284237e-02   -9.967543416500270e-01   -9.525158736884990e-01    3.028064624569573e-01    3.196492865807622e-02    3.043842535998688e-01    9.496795251158818e-01    7.388522001144754e-02
 1.190000000000000e+00    9.483584118313514e+01    2.983399805323294e+02    2.638918094698765e+01    5.418255812550709e-03   -8.818190879605016e-02    9.960896513183195e-01    9.541274362676225e-01   -2.977340591199482e-01   -3.154782717869811e-02    2.993517627538418e-01    9.505673995045820e-01    8.252357926848727e-02
 1.200000000000000e+00    9.344322613441959e+01    2.985500844580834e+02    2.886214797910934e+01   -3.036666248858625e-03    9.580233611220640e-02   -9.953957459482830e-01   -9.554679088702195e-01    2.934455234630906e-01    3.115766160989116e-02    2.950794024932364e-01    9.511633073004733e-01    9.064496163316652e-02
 1.210000000000000e+00    9.226933782508517e+01    2.986844272513839e+02    3.115525684441642e+01    8.512410644423928e-04   -1.028917923489222e-01    9.946921908079231e-01    9.565626777062283e-01   -2.898945702695085e-01   -3.080554732650613e-02    2.915255031838854e-01    9.515116484811651e-01    9.817567824088065e-02
