         time                    omegax                   omegay                   omegaz                     bix                      biy                      biz                      bjx                      bjy                      bjz                      bkx                      bky                      bkz
 0.000000000000000e+00    0.000000000000000e+00    0.000000000000000e+00    3.141592653589793e+02    1.305261922200517e-01    0.000000000000000e+00   -9.914448613738104e-01   -0.000000000000000e+00    1.000000000000000e+00    0.000000000000000e+00    9.914448613738104e-01    0.000000000000000e+00    1.305261922200517e-01
 1.000000000000000e-02    4.612717278351349e-03   -9.544182131617573e-02    3.141592653589793e+02   -1.300526876494264e-01    2.940081946130324e-09    9.915070844099643e-01    1.524937113256869e-05   -9.999999998817147e-01    2.003174573638519e-06    9.915070842927013e-01    1.538037774927072e-05    1.300526876339991e-01
 2.000000000000000e-02   -1.840902482421686e-02    1.900058866986123e-01    3.141592653589793e+02    1.286363519053068e-01   -9.360627961250631e-08   -9.916918316535943e-01   -1.218426198541127e-04    9.999999924507837e-01   -1.589908870728782e-05    9.916918241686123e-01    1.228755316291634e-04    1.286363509227977e-01
 3.000000000000000e-02    4.126373172372830e-02   -2.828221438176849e-01    3.141592653589793e+02   -1.262896951928327e-01    7.057539874637600e-07    9.919934036512371e-01    4.103618533107160e-04   -9.999999143994790e-01    5.295421028552469e-05    9.919933187734951e-01    4.137638226749650e-04    1.262896840927511e-01
 4.000000000000000e-02   -7.296932488722084e-02    3.730358942230901e-01    3.141592653589793e+02    1.230334882776145e-01   -2.944499219859845e-06   -9.924025195219531e-01   -9.698656474336977e-04    9.999995220902512e-01   -1.232065106363568e-04    9.924020456059487e-01    9.776556388997578e-04    1.230334266229345e-01
 5.000000000000000e-02    1.132376717094312e-01   -4.598153368016267e-01    3.141592653589793e+02   -1.188966411221378e-01    8.871089749771122e-06    9.929066364221331e-01    1.887127646685819e-03   -9.999981917814802e-01    2.349105179806328e-04    9.929048431139446e-01    1.901671635731804e-03    1.188964093901365e-01
 6.000000000000000e-02   -1.617023936461111e-01    5.423589506322295e-01    3.141592653589793e+02    1.139160291199448e-01   -2.172889906123859e-05   -9.934903813511829e-01   -3.245876541138255e-03    9.999946544902111e-01   -3.940512730050637e-04    9.934850792010106e-01    3.269635878978119e-03    1.139153496513503e-01
 7.000000000000001e-02    2.179219001760263e-01   -6.199026630632464e-01    3.141592653589793e+02   -1.081362633955420e-01    4.609482866324869e-05    9.941360804306520e-01    5.126039396175405e-03   -9.999866793956285e-01    6.039464544074151e-04    9.941228657761455e-01    5.161289226335712e-03    1.081345866712200e-01
 8.000000000000000e-02   -2.813830690809407e-01    6.917267484187948e-01    3.141592653589793e+02    1.016094010787402e-01   -8.794338735700069e-05   -9.948243673524837e-01   -7.602991513897379e-03    9.999707227596243e-01   -8.649529052479955e-04    9.947953177073557e-01    7.651528569487183e-03    1.016057576030100e-01
 9.000000000000001e-02    3.515055550791372e-01   -7.571624023774473e-01    3.141592653589793e+02   -9.439459121605397e-02    1.546143786551597e-04    9.955348498387298e-01    1.074681739373067e-02   -9.999415617716898e-01    1.174290159918167e-03    9.954768541081628e-01    1.080967787995824e-02    9.438741335083289e-02
 1.000000000000000e-01   -4.276467045479193e-01    8.155979368555374e-01    3.141592653589793e+02    8.655765209212435e-02   -2.546792475244392e-04   -9.962468107866856e-01   -1.462158886067850e-02    9.998919344085325e-01   -1.525989454259304e-03    9.961395394238269e-01    1.469879733540371e-02    8.654457437293844e-02
 1.100000000000000e-01    5.091070493463310e-01   -8.664845402797761e-01    3.141592653589793e+02   -7.817057622915075e-02    3.977055730646937e-04    9.969399193743455e-01    1.928466796191343e-02   -9.998122072502467e-01    1.910972222889616e-03    9.967534612900174e-01    1.937503712298336e-02    7.814822674168502e-02
 1.200000000000000e-01   -5.951363476042568e-01    9.093415485675759e-01    3.141592653589793e+02    6.931096022347658e-02   -5.939237877527256e-04   -9.975949268351683e-01   -2.478604370866074e-02    9.996900931565224e-01   -2.317257389859939e-03    9.972871416147918e-01    2.488704279491421e-02    6.927475926151436e-02
 1.300000000000000e-01    6.849401338065080e-01   -9.437611730710533e-01    3.141592653589793e+02   -6.006135785901098e-02    8.538047864013044e-04    9.981943219180002e-01    3.116771307055210e-02   -9.995104397490789e-01    2.730291994303094e-03    9.977079767918636e-01    3.127541925880135e-02    6.000534306287172e-02
 1.400000000000000e-01   -7.776867346270152e-01    9.694126333019059e-01    3.141592653589793e+02    5.050855658135520e-02   -1.187561483889027e-03   -9.987229222409924e-01   -3.846311772459675e-02    9.992551077729447e-01   -3.133395025552998e-03    9.979827023986947e-01    3.857226059244165e-02    5.042525583286653e-02
 1.500000000000000e-01    8.725147008413717e-01   -9.860456445532221e-01    3.141592653589793e+02   -4.074277937953556e-02    1.604591411733185e-03    9.991683798112384e-01    4.669664883641629e-02   -9.989029556562440e-01    3.508299938157365e-03    9.980778771798881e-01    4.680075285098469e-02    4.062315370203970e-02
 1.600000000000000e-01   -9.685405993758117e-01    9.934932136719464e-01    3.141592653589793e+02    3.085681634098833e-02   -2.112880937996262e-03   -9.995215818676475e-01   -5.588323253206354e-02    9.984299430274095e-01   -3.835777342754170e-03    9.979603805798585e-01    5.597485685744610e-02    3.069029476440256e-02
 1.700000000000000e-01    1.064867103271437e+00   -9.916737002953514e-01    3.141592653589793e+02   -2.094509253997861e-02    2.718394492473335e-03    9.997769318351097e-01    6.602800864229104e-02   -9.978093616868217e-01    4.096315982268695e-03    9.975979175866665e-01    6.609907761304494e-02    2.071971924256018e-02
 1.800000000000000e-01   -1.160591311210298e+00    9.805921059068050e-01    3.141592653589793e+02    1.110268139579234e-02   -3.424474138268017e-03   -9.999324994430536e-01   -7.712611472206216e-02    9.970121977062759e-01   -4.270837449528941e-03    9.969595242003191e-01    7.716832641403351e-02    1.080539239339751e-02
 1.900000000000000e-01    1.254813222437720e+00   -9.603405591230405e-01    3.141592653589793e+02   -1.424275089644231e-03    4.231275836507330e-03    9.999900338228284e-01    8.916258624108436e-02   -9.960076231142062e-01    4.341418306497494e-03    9.960160664644366e-01    8.916788100510042e-02    1.041317349793786e-03
 2.000000000000000e-01   -1.346644287610080e+00    9.310979726964257e-01    3.141592653589793e+02   -7.996874053530551e-03   -5.135268721287474e-03   -9.999548384903345e-01   -1.021123822037089e-01    9.947636102116967e-01   -4.291992425642361e-03    9.947407257200601e-01    1.020734481317335e-01   -8.479373826523905e-03
 2.100000000000000e-01    1.435215951490330e+00   -8.931288557669069e-01    3.141592653589793e+02    1.707002524418167e-02    6.128822592936772e-03    9.998355123576399e-01    1.159405433108897e-01   -9.932476561671776e-01    4.109006555133226e-03    9.931094625744687e-01    1.158513316788982e-01   -1.766534158603489e-02
 2.200000000000000e-01   -1.519688099696605e+00    8.467812738572751e-01    3.141592653589793e+02   -2.570801628532877e-02   -7.199906648538137e-03   -9.996435660987288e-01   -1.306024871705772e-01    9.914276003800128e-01   -3.782003338608610e-03    9.911014520439040e-01    1.304587082134260e-01   -2.642796261226091e-02
 2.300000000000000e-01    1.599257319066268e+00   -7.924839588607848e-01    3.141592653589793e+02    3.382830707690779e-02    8.331919245877763e-03    9.993929281126781e-01    1.460444420682694e-01   -9.892725124095293e-01    3.304108283618595e-03    9.886994824420969e-01    1.458440102038756e-01   -3.468224483044281e-02
 2.400000000000000e-01   -1.673164879794999e+00    7.307425816759784e-01    3.141592653589793e+02   -4.135397993520019e-02   -9.503664331863641e-03   -9.990993587763970e-01   -1.622040175218006e-01    9.867536242525037e-01   -2.672400411076030e-03    9.858903108577965e-01    1.619474155043620e-01   -4.234772211443252e-02
 2.500000000000000e-01    1.740704347492922e+00   -6.621352110169054e-01    3.141592653589793e+02    4.821467700731920e-02    1.068948519793500e-02    9.987797954638877e-01    1.790109063787652e-01   -9.838452776148290e-01    1.888150429954035e-03    9.826649685007075e-01    1.787014398960563e-01   -4.934931671969441e-02
 2.600000000000000e-01   -1.801228734778707e+00    5.873069930569963e-01    3.141592653589793e+02   -5.434745562786838e-02   -1.185956063143676e-02   -9.984516537559510e-01   -1.963877097014159e-01    9.805258547285995e-01   -9.569151218688510e-04    9.790190097975402e-01    1.960316276270231e-01   -5.561815733263937e-02
 2.700000000000000e-01    1.854157105085013e+00   -5.069640977132330e-01    3.141592653589793e+02    5.969754370067319e-02    1.298036252947482e-02    9.981321122297792e-01    2.142508722621558e-01   -9.767786603413210e-01   -1.115179906463048e-04    9.749526998839200e-01    2.138573330286820e-01   -6.109234075616564e-02
 2.800000000000000e-01   -1.898980546005311e+00    4.218669882925575e-01    3.141592653589793e+02   -6.421897907650150e-02   -1.401526786987907e-02   -9.978374090965246e-01   -2.325117132853631e-01    9.725927228291227e-01    1.303335894189562e-03    9.704711360526863e-01    2.320925844702822e-01   -6.571762566224384e-02
 2.900000000000000e-01    1.935267435760696e+00   -3.328230816393464e-01    3.141592653589793e+02    6.787511939017950e-02    1.492531185174925e-02    9.975821786867676e-01    2.510775342568664e-01   -9.679634839867732e-01   -2.601049627574491e-03    9.655842997683615e-01    2.506470201978205e-01   -6.944804753903908e-02
 3.000000000000000e-01   -1.962667934141638e+00    2.406788755806057e-01    3.141592653589793e+02   -7.063901184013267e-02   -1.567006328559987e-02   -9.973788543589664e-01   -2.698527833079448e-01    9.628933498935390e-01    3.983976808599236e-03    9.603070370184119e-01    2.694268840467923e-01   -7.224644493650101e-02
 3.100000000000000e-01    1.980917638473767e+00   -1.463116291108478e-01    3.141592653589793e+02    7.249361583542556e-02    1.620859818393424e-02    9.972371618664908e-01    2.887402539751319e-01   -9.573920792570872e-01   -5.428840538491838e-03    9.546589660173610e-01    2.883360676718230e-01   -7.408488835411081e-02
 3.200000000000000e-01   -1.989840355609525e+00    5.062068815893364e-02    3.141592653589793e+02   -7.343187517246502e-02   -1.650054320781908e-02   -9.971637236592612e-01   -3.076422951246019e-01    9.514769906547574e-01    6.910463401767762e-03    9.486643125779274e-01    3.072771848480958e-01   -7.494500459084834e-02
 3.300000000000000e-01    1.989349952459446e+00    4.548144427077530e-02    3.141592653589793e+02    7.345664029115322e-02    1.650715736197596e-02    9.971617901586745e-01    3.264620085652352e-01   -9.451729759300445e-01   -8.402531431447766e-03    9.423516747799068e-01    3.261526626093065e-01   -7.481819105426392e-02
 3.400000000000000e-01   -1.979451259910168e+00   -1.410781904550062e-01    3.141592653589793e+02   -7.258044504453162e-02   -1.619241825184029e-02   -9.972311089149650e-01   -3.451044113790727e-01    9.385123134291775e-01    9.878400065163965e-03    9.357537198663014e-01    3.448658335248017e-01   -7.370571635842293e-02
 3.500000000000000e-01    1.960240017865811e+00    2.352580270843560e-01    3.141592653589793e+02    7.082514613973317e-02    1.552407842380784e-02    9.973679369534806e-01    3.634775412584518e-01   -9.315342815150528e-01   -1.131191240417765e-02    9.289068175413212e-01    3.633220133037967e-01   -7.161870547861482e-02
 3.600000000000000e-01   -1.931901862309316e+00   -3.271235546688053e-01    3.141592653589793e+02   -6.822143682116966e-02   -1.447465784470743e-02   -9.975651957831072e-01   -3.814934851074726e-01    9.242845795939109e-01    1.267819958512052e-02    9.218506150013300e-01    3.814295481540430e-01   -6.857800971880772e-02
 3.700000000000001e-01    1.894710368416371e+00    4.158004017671731e-01    3.141592653589793e+02    6.480824933166476e-02    1.302234042133302e-02    9.978127627305440e-01    3.990693137606605e-01   -9.168145704508620e-01   -1.395443380498723e-02    9.146275600663109e-01    3.991008169106871e-01   -6.461396372851801e-02
 3.800000000000000e-01   -1.849024176571814e+00   -5.004458614505778e-01    3.141592653589793e+02   -6.063206308732437e-02   -1.115174553679303e-02   -9.980978867309009e-01   -4.161279087843521e-01    9.091803637419943e-01    1.512050647043109e-02    9.072823796680943e-01    4.162531738705417e-01   -5.976603372200814e-02
 3.900000000000000e-01    1.795283240355545e+00    5.802571619903335e-01    3.141592653589793e+02    5.574613724711115e-02    8.854549753465720e-03    9.984057116874451e-01    4.325986708235623e-01   -9.014417657857610e-01   -1.615960698432864e-02    8.998615216706110e-01    4.328098194883893e-01   -5.408236285017592e-02
 4.000000000000000e-01   -1.734004246919540e+00   -6.544792799324215e-01    3.141592653589793e+02   -5.020968738910397e-02   -6.129938920242307e-03   -9.987198862246288e-01   -4.484181026900107e-01    8.936611251239321e-01    1.705868169683736e-02    8.924125685308253e-01    4.487005875758772e-01   -4.761922130478938e-02
 4.100000000000000e-01    1.665775270439951e+00    7.224122113073099e-01    3.141592653589793e+02    4.408702629729473e-02    2.984876701985360e-03    9.990232352767056e-01    4.635302641977358e-01   -8.859021065181619e-01   -1.780875735537594e-02    8.849836316478493e-01    4.638626393423497e-01   -4.044037015345003e-02
 4.200000000000000e-01   -1.591249728303926e+00   -7.834176255199999e-01    3.141592653589793e+02   -3.744668842362595e-02    5.658182251007675e-04   -9.992984666130671e-01   -4.778870994831483e-01    8.782284280012944e-01    1.840511877182258e-02    8.776227353898914e-01    4.782410564767721e-01   -3.261634907797697e-02
 4.300000000000000e-01    1.511139717231111e+00    8.369248362300826e-01    3.141592653589793e+02    3.036055646283831e-02   -4.499587661842015e-03    9.995288841857034e-01    4.914486410452252e-01   -8.707025962599212e-01   -1.884733615255430e-02    8.703771997390491e-01    4.917893274330280e-01   -2.422369909466564e-02
 4.400000000000001e-01   -1.426208812530943e+00   -8.824360340132430e-01    3.141592653589793e+02   -2.290300673477409e-02    8.786437083315479e-03   -9.996990801262424e-01   -5.041830978723427e-01    8.633846749915468e-01    1.913914336037486e-02    8.632930302636792e-01    5.044697230885715e-01   -1.534413195834016e-02
 4.500000000000000e-01    1.337264418105698e+00    9.195307365307086e-01    3.141592653589793e+02    1.515008780886231e-02   -1.338941558027553e-02    9.997955783004639e-01    5.160668376692230e-01   -8.563311190180416e-01   -1.928817405423286e-02    8.564143237340985e-01    5.162535599409274e-01   -6.063658290047639e-03
 4.600000000000000e-01   -1.245149757619525e+00   -9.478694230597091e-01    3.141592653589793e+02   -7.178744147734738e-03    1.826525615459365e-02   -9.998074044781893e-01   -5.270842752706234e-01    8.495937039593607e-01    1.930556795266606e-02    8.497826971610670e-01    5.271213509337208e-01    3.528313472430477e-03
 4.700000000000000e-01    1.150735598505509e+00    9.671963313066760e-01    3.141592653589793e+02   -9.339063760884401e-04   -2.336515531271778e-02    9.997265612833482e-01    5.372276807668849e-01   -8.432185773346267e-01   -1.920546418310996e-02    8.434367473830648e-01    5.370628458150505e-01    1.333989540504302e-02
 4.800000000000000e-01   -1.054911800259136e+00   -9.773414052011784e-01    3.141592653589793e+02    9.111235284030326e-03    2.863566715203583e-02   -9.995483900030467e-01   -5.464969216403838e-01    8.372454522520820e-01    1.900440263851495e-02    8.374115475849188e-01    5.460769645846197e-01    2.327764425350500e-02
 4.900000000000000e-01    9.585787768840541e-01    9.782213926490940e-01    3.141592653589793e+02   -1.727770384235533e-02   -3.401968441047153e-02    9.992718058775932e-01    5.548991533223359e-01   -8.317069595898838e-01   -1.872065732650562e-02    8.317381863251521e-01    5.541716290485844e-01    3.324748060694906e-02
 5.000000000000000e-01   -8.626389605641130e-01   -9.698401018295670e-01    3.141592653589793e+02    2.535940107017139e-02    3.945747731333622e-02   -9.988993984685046e-01   -5.624484720569948e-01    8.266281689833304e-01    1.837352777293659e-02    8.264433538104442e-01    5.613634987486629e-01    4.315559309914538e-02
 5.100000000000000e-01    7.679883498038160e-01    9.522878334134418e-01    3.141592653589793e+02   -3.328452212763820e-02   -4.488776051594522e-02    9.984373939020390e-01    5.691655428624216e-01   -8.220262832500100e-01   -1.798261557950591e-02    8.215489793093184e-01    5.676776185495155e-01    5.290931859617867e-02
 5.200000000000000e-01   -6.755082205917219e-01   -9.257400139574450e-01    3.141592653589793e+02    4.098379204541852e-02    5.024875897365783e-02   -9.978954810051355e-01   -5.750772137840553e-01    8.179105053231488e-01    1.756711322778616e-02    8.170719227676650e-01    5.731469859500730e-01    6.241799036853216e-02
 5.300000000000000e-01    5.860570737907902e-01    8.904550626214522e-01    3.141592653589793e+02   -4.839084153474322e-02   -5.547924510071540e-02    9.972865083905879e-01    5.802161256478636e-01   -8.142820715285836e-01   -1.714513120507800e-02    8.130237228968321e-01    5.778120467333577e-01    7.159374733407338e-02
 5.400000000000000e-01   -5.004628861350856e-01   -8.467715292395839e-01    3.141592653589793e+02    5.544254287685551e-02    6.051952199483972e-02   -9.966260642267627e-01   -5.846203242453244e-01    8.111344403108370e-01    1.673308757034418e-02    8.094104032676558e-01    5.817201278958494e-01    8.035229855758777e-02
 5.500000000000000e-01    4.195157260988882e-01    7.951045466530507e-01    3.141592653589793e+02   -6.207931459406452e-02   -6.531233067082425e-02    9.959319545838088e-01    5.883328794423319e-01   -8.084536214369477e-01   -1.634518128626932e-02    8.062323372737418e-01    5.849248169191074e-01    8.861363826653233e-02
 5.600000000000001e-01   -3.439607896709653e-01   -7.359416441228771e-01    3.141592653589793e+02    6.824540374208009e-02    6.980366300416592e-02   -9.952235997495832e-01   -5.914015132197961e-01    8.062186273970408e-01    1.599296714348445e-02    8.034841722328157e-01    5.874852963855831e-01    9.630270766004283e-02
 5.700000000000001e-01    2.744919048659155e-01    6.698379716472551e-01    3.141592653589793e+02   -7.388915424776539e-02   -7.394346626492813e-02    9.945213706504771e-01    5.938782362443283e-01   -8.044020262559103e-01   -1.568504604331681e-02    8.011548123796680e-01    5.894656427240959e-01    1.033500007224584e-01
 5.800000000000001e-01   -2.117455477653289e-01   -5.974109871982188e-01    3.141592653589793e+02    7.896326878358870e-02    7.768622954604924e-02   -9.938458894220696e-01   -5.958189903447225e-01    8.029705736316710e-01    1.542687994604220e-02    7.992274600680438e-01    5.909340975274281e-01    1.096921120828322e-01
 5.900000000000001e-01    1.562954071088148e-01    5.193346603689185e-01    3.141592653589793e+02   -8.342507027578153e-02   -8.099144688484165e-02    9.932173192107465e-01    5.972832923351126e-01   -8.018859007917412e-01   -1.522073609846659e-02    7.976797141372015e-01    5.919623194451852e-01    1.152722256731110e-01
 6.000000000000001e-01   -1.086475290265295e-01   -4.363332468006316e-01    3.141592653589793e+02    8.723676736042853e-02    8.382395627471349e-02   -9.926546684392047e-01   -5.983338730648241e-01    8.011052360368236e-01    1.506576039394368e-02    7.964837241042269e-01    5.926246241499235e-01    1.200405435208813e-01
 6.100000000000001e-01    6.923606847144403e-02    3.491746881583886e-01    3.141592653589793e+02   -9.036572601734108e-02   -8.615415791279125e-02    9.921751340539013e-01    5.990363044586069e-01   -8.005821375338882e-01   -1.495817505073498e-02    7.956063986049370e-01    5.929972193324364e-01    1.239546544646451e-01
 6.200000000000000e-01   -3.841966929513655e-02   -2.586636924668645e-01    3.141592653589793e+02    9.278474732296110e-02    8.795811879215588e-02   -9.917935067351094e-01   -5.994586066896151e-01    8.002672174784675e-01    1.489159137252567e-02    7.950096663117597e-01    5.931574411299281e-01    1.269798429028405e-01
 6.300000000000000e-01    1.647849071377384e-02    1.656345494207797e-01    3.141592653589793e+02   -9.447234887478692e-02   -8.921757400988713e-02    9.915216587573994e-01    5.996708275335053e-01   -8.001088398127687e-01   -1.485742431657699e-02    7.946507873918771e-01    5.931829978524658e-01    1.290893378897051e-01
 6.400000000000000e-01   -3.611894105762279e-03   -7.094373495459019e-02    3.141592653589793e+02    9.541304505931739e-02    8.991983783080712e-02   -9.913681322274427e-01   -5.997445863958721e-01    8.000537765812658e-01    1.484539206160028e-02    7.944827134183079e-01    5.931512263685464e-01    1.302645029835209e-01
 6.500000000000000e-01   -6.319937585391061e-05   -2.453764101013094e-02    3.141592653589793e+02   -9.559761906916814e-02   -9.005763955634845e-02    9.913378419010184e-01    5.997525764784399e-01   -8.000478112399717e-01   -1.484408084572633e-02    7.944544934953408e-01    5.931383660560464e-01    1.304949672516032e-01
 6.600000000000000e-01   -5.486726930574930e-03    1.199314900448560e-01    3.141592653589793e+02    9.502337752967814e-02    8.962890055191326e-02   -9.914319028091733e-01   -5.997680200224247e-01    8.000362807136043e-01    1.484155311478469e-02    7.945117241931589e-01    5.932188548316361e-01    1.297786977605729e-01
 6.700000000000000e-01    2.021150338752120e-02   -2.143604505475886e-01    3.141592653589793e+02   -9.369437686610398e-02   -8.863646937012327e-02    9.916475886323555e-01    5.998640734926612e-01   -7.999645515773287e-01   -1.482597554957937e-02    7.945970406914534e-01    5.934646514471040e-01    1.281220137514552e-01
 6.800000000000000e-01   -4.397767619330351e-02    3.069555896326455e-01    3.141592653589793e+02    9.162160921944747e-02    8.708783177534989e-02   -9.919784222853785e-01   -6.001131818775548e-01    7.997784292897621e-01    1.478624286642927e-02    7.946506462968365e-01    5.939445879873081e-01    1.255395425401251e-01
 6.900000000000001e-01    7.656959211785844e-02   -3.968640481954935e-01    3.141592653589793e+02   -8.882313487715350e-02   -8.499481165734954e-02    9.924143956538475e-01    6.005863838960371e-01   -7.994245027895444e-01   -1.471257342768015e-02    7.946108772150146e-01    5.947237563196509e-01    1.220541170186561e-01
 7.000000000000001e-01   -1.176911616016752e-01    4.832565755301569e-01    3.141592653589793e+02    8.532414788559903e-02    8.237327736949517e-02   -9.929423109939757e-01   -6.013525727276193e-01    7.988504298659169e-01    1.459705365444734e-02    7.944147991198305e-01    5.958629321231314e-01    1.176966144865656e-01
 7.100000000000001e-01    1.669682929245410e-01   -5.653348995052350e-01    3.141592653589793e+02   -8.115696179813550e-02   -7.924286601085073e-02    9.935462323098604e-01    6.024777198083876e-01   -7.980051714131599e-01   -1.443410997620764e-02    7.939988316649492e-01    5.974180400558449e-01    1.125057364364421e-01
 7.200000000000001e-01   -2.239519868505909e-01    6.423388778511353e-01    3.141592653589793e+02    7.636090340964073e-02    7.562673567965167e-02   -9.942080311886065e-01   -6.040240721481485e-01    7.968391848829455e-01    1.422088953264209e-02    7.932993966310214e-01    5.994396635904632e-01    1.065277288783995e-01
 7.300000000000001e-01    2.881220775389159e-01   -7.135533756442455e-01    3.141592653589793e+02   -7.098210383925881e-02   -7.155135286243368e-02    9.949080082284585e-01    6.060493364009019e-01   -7.953045888785726e-01   -1.395753399215427e-02    7.922535848967048e-01    6.019726030411725e-01    9.981604283251257e-02
 7.400000000000001e-01   -3.588916015171206e-01    7.783148136795929e-01    3.141592653589793e+02    6.507317842769542e-02    6.704631900395015e-02   -9.956255684524850e-01   -6.086058654390988e-01    7.933553118309993e-01    1.364733457763606e-02    7.907998368750028e-01    6.050554853048430e-01    9.243093476526126e-02
 7.500000000000001e-01    4.356117721101551e-01   -8.360173322032836e-01    3.141592653589793e+02   -5.869278957133604e-02   -6.214423705380073e-02    9.963399270591908e-01    6.117398653212194e-01   -7.909472380210816e-01   -1.329676058263187e-02    7.888786304801179e-01    6.087204288240582e-01    8.443900700898796e-02
 7.600000000000000e-01   -5.175775318817257e-01    8.861185145424011e-01    3.141592653589793e+02    5.190508975625793e-02    5.688061553733480e-02   -9.970308206030797e-01   -6.154906421878800e-01    7.880383638505863e-01    1.291535819149895e-02    7.864331701013182e-01    6.129927672295225e-01    7.591268859214659e-02
 7.700000000000000e-01    6.040336503879851e-01   -9.281446156428546e-01    3.141592653589793e+02   -4.477904559145097e-02   -5.129380458447184e-02    9.976791982827514e-01    6.198899096714208e-01   -7.845889762266960e-01   -1.251552114190875e-02    7.834100694799111e-01    6.178908350143447e-01    6.692965742755322e-02
 7.800000000000000e-01   -6.941813288980809e-01    9.616952415272735e-01    3.141592653589793e+02    3.738764746256531e-02    4.542495550058258e-02   -9.982678684771505e-01   -6.249611777710303e-01    7.805618632455632e-01    1.211213952988920e-02    7.797600208367246e-01    6.234258184133212e-01    5.757220545554942e-02
 7.900000000000000e-01    7.871852677620766e-01   -9.864474273365634e-01    3.141592653589793e+02   -2.980701340377325e-02   -3.931799300528022e-02    9.987820770202573e-01    6.307192437640116e-01   -7.759225651003533e-01   -1.172213769535357e-02    7.754384421065984e-01    6.296016743895063e-01    4.792654911279000e-02
 8.000000000000000e-01   -8.821811458958524e-01    1.002159064030504e+00    3.141592653589793e+02    2.211539977393044e-02    3.301958730750679e-02   -9.992099959196664e-01   -6.371698045530635e-01    7.706396703820853e-01    1.136391646774741e-02    7.704060937308579e-01    6.364151202535869e-01    3.808208838322465e-02
 8.100000000000001e-01    9.782834555161011e-01   -1.008671627095899e+00    3.141592653589793e+02   -1.439213516564021e-02   -2.657911182943762e-02    9.995431042524441e-01    6.443092078771375e-01   -7.646851597941189e-01   -1.105671893624524e-02    7.646296561663520e-01    6.438556959482210e-01    2.813061866772962e-02
 8.200000000000001e-01   -1.074593628937637e+00    1.005912164823571e+00    3.141592653589793e+02    6.716497513085315e-03    2.004857171195360e-02   -9.997764467281341e-01   -6.521243570597096e-01    7.580347958893313e-01    1.081994217674866e-02    7.580822591180721e-01    6.519059004130201e-01    1.816550075893951e-02
 8.300000000000001e-01    1.170208388099381e+00   -9.938945089247363e-01    3.141592653589793e+02    8.334425639294363e-04   -1.348248828389465e-02    9.999087597786201e-01    6.605927804861814e-01   -7.506685539049065e-01   -1.067241987789722e-02    7.507439535167378e-01    6.605414027053765e-01    8.280795298980716e-03
 8.400000000000001e-01   -1.264228241691324e+00    9.727196764898119e-01    3.141592653589793e+02   -8.181986687629390e-03    6.937725479867599e-03   -9.999424598734885e-01   -6.696828728796156e-01    7.425710852659919e-01    1.063170243936210e-02    7.426021174656278e-01    6.697313276919825e-01   -1.429630803794441e-03
 8.500000000000001e-01    1.355766049501160e+00   -9.425754395426135e-01    3.141592653589793e+02    1.525695472771227e-02   -4.732457402666008e-04    9.998834938980259e-01    6.793543108014067e-01   -7.337322020145728e-01   -1.071336177526218e-02    7.336517877895733e-01    6.794386151561804e-01   -1.087301745483532e-02
 8.600000000000001e-01   -1.443955569079088e+00    9.037350466687846e-01    3.141592653589793e+02   -2.199078385449260e-02   -5.850214816629454e-03   -9.997410566796102e-01   -6.895586397919953e-01    7.241473674507195e-01    1.093034768488164e-02    7.238959094458959e-01    6.896204501034247e-01   -1.995863440802221e-02
 8.700000000000001e-01    1.527959896224168e+00   -8.565550903197899e-01    3.141592653589793e+02    2.832155272210542e-02    1.197055926874162e-02    9.995271859039074e-01    7.002400253626828e-01   -7.138181757988923e-01   -1.129242123205586e-02    7.133454959066194e-01    7.002287609131880e-01   -2.859870382601693e-02
 8.800000000000001e-01   -1.606979708307180e+00    8.014725232957122e-01    3.141592653589793e+02   -3.419390397200320e-02   -1.782483470383051e-02   -9.992562495164605e-01   -7.113361548491487e-01    7.027528018658670e-01    1.180568812625963e-02    7.020196946911971e-01    7.112107808080258e-01   -3.670931120229759e-02
 8.900000000000001e-01    1.680261218227545e+00   -7.390008384373495e-01    3.141592653589793e+02    3.955984035649002e-02    2.334982903897581e-02    9.989443450531041e-01    7.227792721475104e-01   -6.909664005505043e-01   -1.247225168900048e-02    6.899457535078996e-01    7.225096669209812e-01   -4.421129293524367e-02
 9.000000000000000e-01   -1.747103746994759e+00    6.697254365228841e-01    3.141592653589793e+02   -4.437937285552903e-02   -2.848275583738761e-02   -9.986086339921162e-01   -7.344973227846312e-01    6.784814357819909e-01    1.329000072913737e-02    6.771588839303654e-01    7.340651700763902e-01   -5.103108852243143e-02
 9.100000000000000e-01    1.806866824634941e+00   -5.942982185496046e-01    3.141592653589793e+02    4.862100311555867e-02    3.316201896291940e-02    9.982666370028946e-01    7.464151828277451e-01   -6.653279190511733e-01   -1.425254269196585e-02    6.637020211652762e-01    7.458143472939701e-01   -5.710154527242593e-02
 9.200000000000000e-01   -1.858976732419488e+00    5.134314497441615e-01    3.141592653589793e+02   -5.226202725011808e-02   -3.732804486793363e-02   -9.979355177428844e-01   -7.584559419985526e-01    6.515435391701020e-01    1.534928697602910e-02    6.496254802217639e-01    7.576923080197235e-01   -6.236266363225252e-02
 9.300000000000000e-01    1.902932404318334e+00   -4.278909535337128e-01    3.141592653589793e+02    5.528865334615524e-02    4.092416655301607e-02    9.976313835289109e-01    7.705422091798982e-01   -6.371736672190514e-01   -1.656567754837862e-02    6.349865106298263e-01    7.696329842170349e-01   -6.676227171301842e-02
 9.400000000000001e-01   -1.938310612075571e+00    3.384887040539043e-01    3.141592653589793e+02   -5.769593071570840e-02   -4.389753994635142e-02   -9.973686307299811e-01   -7.825974074083120e-01    6.222712237483379e-01    1.788356816610331e-02    6.198487537255395e-01    7.815699137516038e-01   -7.025661836562244e-02
 9.500000000000001e-01    1.964770366315608e+00   -2.460748953130056e-01    3.141592653589793e+02    5.948749480090291e-02    4.620007078302275e-02    9.971593610956232e-01    7.945470255077270e-01   -6.068963990868442e-01   -1.928172787978134e-02    6.042816083727510e-01    7.934370260048247e-01   -7.281087520450563e-02
 9.600000000000001e-01   -1.982056475496211e+00    1.515295736199227e-01    3.141592653589793e+02   -6.067513744150115e-02   -4.778932815673836e-02   -9.970128924991102e-01   -8.063197947633317e-01    5.911162219280781e-01    2.073645929390821e-02    5.883595127705978e-01    8.051694183761264e-01   -7.439953928084922e-02
 9.700000000000001e-01    1.990002215163454e+00   -5.575392709008938e-02    3.141592653589793e+02    6.127821770917556e-02    4.862941987034609e-02    9.969353838419565e-01    8.178487614315312e-01   -5.750039760480671e-01   -2.222230752075478e-02    5.721611516501564e-01    8.167041123028393e-01   -7.500672963825271e-02
 9.800000000000001e-01   -1.988531071625857e+00   -4.033866823133773e-02    3.141592653589793e+02   -6.132293346964969e-02   -4.869180459154174e-02   -9.969295892864912e-01   -8.290722293512848e-01    5.586384698672279e-01    2.371283409002532e-02    5.557685996414828e-01    8.279807776454908e-01   -7.462637270533867e-02
 9.900000000000001e-01    1.977657536607643e+00    1.358317420051731e-01    3.141592653589793e+02    6.084147804198724e-02    4.795601664905488e-02    9.969947517491971e-01    8.399345513320491e-01   -5.421031683994392e-01   -2.518142743329177e-02    5.392664128485464e-01    8.389424147573474e-01   -7.326227334469339e-02
 1.000000000000000e+00   -1.957486942394401e+00   -2.298148570405229e-01    3.141592653589793e+02   -5.987110960476630e-02   -4.641028106088024e-02   -9.971266399235119e-01   -8.503867531683689e-01    5.254852017337817e-01    2.660212006958447e-02    5.227406816660175e-01    8.495359842709023e-01   -7.092807033390278e-02
 1.010000000000000e+00    1.928214340160457e+00    3.213926640837723e-01    3.141592653589793e+02    5.845316321387339e-02    4.405199900570753e-02    9.973177272526982e-01    8.603869798585805e-01   -5.088742683749907e-01   -2.795038234536179e-02    5.062780585787621e-01    8.597129755737808e-01   -6.764707704613181e-02
 1.020000000000000e+00   -1.890122437270390e+00   -4.096937788223406e-01    3.141592653589793e+02   -5.663203635577607e-02   -4.088808732815249e-02   -9.975575054960096e-01   -8.699007596469956e-01    4.923614553532165e-01    2.920386353917572e-02    4.899647750827520e-01    8.694299060865354e-01   -6.345201006722143e-02
 1.030000000000000e+00    1.843578622085031e+00    4.938793790893787e-01    3.141592653589793e+02    5.445417882936814e-02    3.693515966770067e-02    9.978329200757546e-01    8.789010876131863e-01   -4.760379998562069e-01   -3.034305328748961e-02    4.738856619464770e-01    8.786487447631083e-01   -5.838461037704342e-02
 1.040000000000000e+00   -1.789031116895119e+00   -5.731514250805801e-01    3.141592653589793e+02   -5.196711644335825e-02   -3.221954125705503e-02   -9.981289094943103e-01   -8.873683364450016e-01    4.599940191252869e-01    3.135183952047954e-02    4.581231867974226e-01    8.873372546730675e-01   -5.249516348160271e-02
 1.050000000000000e+00    1.727004310797754e+00    6.467604117788798e-01    3.141592653589793e+02    4.921853560997413e-02    2.677711416103683e-02    9.984290269759591e-01    8.952900075113949e-01   -4.443172364190094e-01   -3.221794327265176e-02    4.427565224823354e-01    8.954692510515345e-01   -4.584192646134343e-02
 1.060000000000000e+00   -1.658093334396787e+00   -7.140125705523955e-01    3.141592653589793e+02   -4.625545252779387e-02   -2.065299453043234e-02   -9.987161192886141e-01   -9.026603401773788e-01    4.290917309556352e-01    3.293321566190285e-02    4.278606588368069e-01    9.030247727737390e-01   -3.849047125995405e-02
 1.070000000000000e+00    1.582957946963091e+00    7.742764458283184e-01    3.141592653589793e+02    4.312348644086388e-02    1.390104813274388e-02    9.989730355602787e-01    9.094798012907145e-01   -4.143967389118997e-01   -3.349378779478425e-02    4.135055694417073e-01    9.099901667823979e-01   -3.051295464523434e-02
 1.080000000000000e+00   -1.502315813991913e+00   -8.269887826114573e-01    3.141592653589793e+02   -3.986625163407389e-02   -6.583254811195415e-03   -9.991833378991312e-01   -9.157544797737284e-01    4.003055308359857e-01    3.390007011657892e-02    3.997554436813710e-01    9.163580865245283e-01   -2.198732610777215e-02
 1.090000000000000e+00    1.416935258848846e+00    8.716596711542171e-01    3.141592653589793e+02    3.652487759554595e-02   -1.231063549148300e-03    9.993319857773327e-01    9.214954131771745e-01   -3.868843883199502e-01   -3.415660353654153e-02    3.866679929964759e-01    9.221274069007716e-01   -1.299648551323319e-02
 1.100000000000000e+00   -1.327627576357217e+00   -9.078769060325954e-01    3.141592653589793e+02   -3.313766137664901e-02    9.466133641433842e-03   -9.994059674180720e-01   -9.267178738502880e-01    3.741916995948893e-01    3.427177027963921e-02    3.742938386919071e-01    9.273030595597618e-01   -3.627402589425251e-03
 1.110000000000000e+00    1.235238998750854e+00    9.353095279805899e-01    3.141592653589793e+02    2.973985084053621e-02   -1.804071941433320e-02    9.993948537557444e-01    9.314406420568184e-01   -3.622771900089055e-01   -3.425737762038351e-02    3.626759870663755e-01    9.318957935536580e-01    6.029789680612093e-03
 1.120000000000000e+00   -1.140642405444791e+00   -9.537105278359285e-01    3.141592653589793e+02   -2.636355243180273e-02    2.686918643200246e-02   -9.992912538004691e-01   -9.356852919748138e-01    3.511812992873224e-01    3.412813224088258e-02    3.518493960247195e-01    9.359218673864299e-01    1.588271595489648e-02
 1.130000000000000e+00    1.044728867650831e+00    9.629187026255048e-01    3.141592653589793e+02    2.303775252341504e-02   -3.586261850676239e-02    9.990911542752000e-01    9.394755141558934e-01   -3.409347132278128e-01   -3.390102675659881e-02    3.418406357616696e-01    9.394026793185508e-01    2.583768241062749e-02
 1.140000000000000e+00   -9.483991171090251e-01   -9.628596639686906e-01    3.141592653589793e+02   -1.978843747432588e-02    4.492996296734141e-02   -9.987941310242601e-01   -9.428364948233291e-01    3.315580532202632e-01    3.359466284093668e-02    3.326676446084164e-01    9.423643434326865e-01    3.580059299142688e-02
 1.150000000000000e+00    8.525550252711813e-01    9.535460084312440e-01    3.141592653589793e+02    1.663879439952599e-02   -5.397918146961458e-02    9.984034247172917e-01    9.457943685224829e-01   -3.230617228634873e-01   -3.322853726792465e-02    3.243395797459682e-01    9.448372194135499e-01    4.567784826636889e-02
 1.160000000000000e+00   -7.580911753317817e-01   -9.350766680886717e-01    3.141592653589793e+02   -1.360947241147916e-02    6.291838450540360e-02   -9.979258785853369e-01   -9.483757562879368e-01    3.154459071237981e-01    3.282231803894366e-02    3.168567612402306e-01    9.468554042570922e-01    5.537721811946832e-02
 1.170000000000000e+00    6.658866047405050e-01    9.076354672588124e-01    3.141592653589793e+02    1.071888279517481e-02   -7.165692962560913e-02    9.973717411209556e-01    9.506073968565513e-01   -3.087007160681722e-01   -3.239513756598120e-02    3.102107067638044e-01    9.484561942105812e-01    6.480868054388858e-02
 1.180000000000000e+00   -5.767967904398403e-01   -8.714889180802382e-01    3.141592653589793e+02   -7.983516244046298e-03    8.010646575510942e-02   -9.967543416564525e-01   -9.525158737347915e-01    3.028064623060143e-01    3.196492869155784e-02    3.043842534515708e-01    9.496795251719056e-01    7.388521991000747e-02
 1.190000000000000e+00    4.916459432407849e-01    8.269832933239837e-01    3.141592653589793e+02    5.418255887534648e-03   -8.818190871342357e-02    9.960896513252019e-01    9.541274363160811e-01   -2.977340589593229e-01   -3.154782721187079e-02    2.993517625965563e-01    9.505673995630511e-01    8.252357917243525e-02
 1.200000000000000e+00   -4.112196716595682e-01   -7.745410195422227e-01    3.141592653589793e+02   -3.036666323369216e-03    9.580233603551400e-02   -9.953957459554141e-01   -9.554679089207491e-01    2.934455232932423e-01    3.115766164260883e-02    2.950794023273409e-01    9.511633073610922e-01    9.064496154337796e-02
 1.210000000000000e+00    3.362580693554542e-01    7.146564374215457e-01    3.141592653589793e+02    8.512411382280071e-04   -1.028917922789414e-01    9.946921908150774e-01    9.565626777587304e-01   -2.898945700909886e-01   -3.080554735865023e-02    2.915255030098855e-01    9.515116485436128e-01    9.817567815807500e-02
